void int	|	2	0	0	0	1
void int	|	4	0	0	0	0
void int	|	15	0	0	0	1
void int	|	11	0	1	0	1
main	|	6	1	0	0	1
(	|	7	1	0	0	1
)	|	8	1	0	0	1
{	|	9	1	0	0	1
int const	|	16	0	1	0	1
}	|	0	1	0	1	1
void	|	13	0	0	0	0
int	|	14	0	0	0	1
void	|	0	1	0	1	1
int	|	0	1	0	1	1
void int	|	0	1	0	1	1
int const	|	21	0	0	0	0
int const	|	23	0	0	0	0
int const	|	41	0	0	0	0
int const	|	59	0	0	0	1
int const	|	0	1	0	1	1
int const	|	23	0	1	0	1
int const	|	16	0	0	0	1
var	|	106	0	1	0	1
= += -= *=	|	78	0	1	0	1
- ( const var	|	27	0	1	0	1
;	|	0	1	0	1	1
( const var	|	28	0	0	0	1
const var	|	30	0	0	0	0
(	|	37	1	0	0	1
const var	|	103	0	1	0	1
+ - *	|	32	0	0	0	1
+ - *	|	34	0	0	0	0
+ - *	|	36	0	0	0	1
+ - *	|	35	0	1	0	1
- ( const var	|	27	0	0	0	1
+ - *	|	0	1	0	1	1
(	|	38	1	0	0	1
- ( const var	|	27	0	1	0	1
)	|	40	1	0	0	1
+ - *	|	32	0	0	0	1
int	|	43	0	1	0	1
int const	|	16	0	0	0	1
int	|	44	0	0	0	1
int	|	46	1	1	0	1
;	|	0	1	0	1	1
int_var	|	106	0	1	0	1
= - ( const var	|	49	0	1	0	1
, int	|	54	0	1	0	1
= - ( const var	|	51	0	0	0	0
= - ( const var	|	0	1	0	1	1
=	|	0	1	0	1	1
( const var	|	27	0	1	0	1
= - ( const var	|	0	1	0	1	1
, int	|	56	0	0	0	0
, int	|	58	0	0	0	1
,	|	0	1	0	1	1
int	|	44	0	0	0	1
, int	|	0	1	0	1	1
if	|	60	1	0	0	1
(	|	61	1	0	0	1
- ( const var == != <	|	68	0	1	0	1
)	|	63	1	0	0	1
{	|	64	1	0	0	1
int const	|	16	0	1	0	1
}	|	0	1	0	1	1
else	|	71	0	1	0	1
int const	|	16	0	0	0	1
- ( const var	|	27	0	1	0	1
== != <	|	89	0	1	0	1
- ( const var	|	27	0	1	0	1
else	|	73	0	0	0	0
else	|	77	0	0	0	1
else	|	74	1	0	0	1
{	|	75	1	0	0	1
int const	|	16	0	1	0	1
}	|	0	1	0	1	1
else	|	0	1	0	1	1
=	|	82	0	0	0	0
+= 	|	83	0	0	0	0
-= 	|	84	0	0	0	0
*=	|	85	0	0	0	0
=	|	83	0	0	0	1
=	|	0	1	0	1	1
-	|	83	1	0	0	1
+	|	83	1	0	0	1
*	|	83	1	0	0	1
-	-	-	-	-	-
+ - *	|	90	0	0	0	1
== != <	|	96	0	0	0	1
+	|	93	0	0	0	0
-	|	94	0	0	0	0
*	|	95	0	0	0	1
+	|	0	1	0	1	1
-	|	0	1	0	1	1
*	|	0	1	0	1	1
==	|	99	0	0	0	0
!=	|	100	0	0	0	0
< 	|	101	0	0	0	1
=	|	100	1	0	0	1
=	|	0	1	0	1	1
!	|	100	1	0	0	1
< 	|	0	1	0	1	1
const var	|	103	0	0	0	1
int_var	|	106	0	0	0	0
const	|	107	0	0	0	1
int_var	|	0	1	0	1	1
const	|	0	1	0	1	1
